21221 1 
21222 2 
21223 3 
21228 1 
21229 2 
21232 3 
21235 1 
21238 2 
21241 3 
21349 1 
21353 2 
21355 3 
21358 1 
21361 2 
21364 3 
21367 1 
21370 2 
21373 3 
21374 1 
21375 3 
21396 3 
21397 2 
21500 2 
21502 3 
21505 1 
21508 1 
21511 2 
21514 3 
21519 2 
21520 1 
21525 3 
21526 3 
21527 3 
21530 1 
21534 2 
21536 3 
21540 1 
21543 2 
21546 3 
21644 3 
21647 2 
21651 1 
21653 1 
21660 1 
21662 3 
21663 2 
21664 2 
21669 3 
21670 3 
21678 1 
21679 2 
21680 3 
21690 1 
21691 3 
21692 2 
21695 2 
21786 2 
21804 1 
21807 3 
21810 1 
21813 2 
21818 3 
21821 3 
21825 3 
21826 2 
21829 1 
21832 2 
21833 2 
21836 3 
21837 3 
21838 3 
21842 3 
21846 3 
21850 1 
21851 2 
21852 3 
21853 2 
21856 2 
21857 3 
21861 1 
21864 2 
21867 3 
21868 1 
21872 1 
21874 2 
21952 2 
21960 1 
21963 3 
21974 1 
21975 2 
21979 3 
21982 1 
21985 2 
21988 3 
21995 3 
21998 2 
22002 1 
22003 3 
22004 3 
22005 3 
22008 1 
22011 2 
22014 3 
22103 2 
22111 1 
22115 3 
22118 1 
22121 2 
22124 3 
22125 3 
22128 1 
22131 2 
22134 3 
22135 3 
22138 1 
22141 1 
22148 3 
22149 2 
22151 2 
22152 3 
22232 2 
22243 1 
22254 3 
22261 1 
22262 2 
22263 3 
22266 1 
22269 2 
22272 3 
22273 3 
22274 3 
22278 1 
22281 2 
22284 3 
22380 2 
22384 1 
22386 3 
22387 2 
22390 3 
22391 3 
22393 3 
22396 1 
22399 2 
22402 3 
22405 1 
22408 2 
22411 3 
22492 2 
22508 1 
22513 3 
22516 1 
22519 2 
22522 3 
22529 1 
22530 2 
22531 3 
22538 1 
22539 3 
22540 2 
22638 1 
22639 2 
22640 3 
22647 1 
22648 2 
22649 3 
22652 1 
22655 2 
22658 3 
22661 1 
22664 2 
22667 3 
22762 1 
22763 2 
22764 3 
22765 3 
22768 1 
22771 2 
22774 3 
22781 1 
22784 2 
22785 3 
22786 2 
22790 1 
22795 3 
22798 2 
22914 2 
22918 3 
22921 1 
22932 1 
22933 3 
22935 2 
22949 1 
22950 3 
22951 2 
22952 3 
22953 1 
22954 1 
22955 3 
22956 2 
22957 1 
22958 2 
22959 3 
22960 3 
22961 2 
22962 1 
22963 1 
22964 2 
22965 3 
22966 3 
22967 2 
22968 1 
22969 2 
22970 1 
22971 3 
22972 2 
22973 1 
22974 2 
22975 3 
22976 2 
22977 3 
22978 2 
22979 2 
22980 3 
22981 2 
22982 3 
22983 2 
22984 3 
22985 2 
22986 3 
22987 2 
22988 3 
22989 2 
22990 3 
22991 2 
22992 3 
22993 2 
22994 3 
23092 1 
23093 2 
23096 3 
23103 3 
23104 2 
23105 1 
23107 2 
23108 1 
23114 2 
23117 3 
23118 1 
23121 1 
23124 2 
23127 3 
23130 1 
23133 2 
23136 3 
23237 2 
23238 3 
23239 1 
23244 1 
23246 2 
23248 3 
23256 1 
23257 2 
23258 3 
23261 1 
23264 2 
23267 3 
23364 2 
23367 3 
23368 1 
23485 1 
23486 3 
23491 2 
23492 3 
23494 3 
23500 2 
23503 1 
23505 3 
23508 1 
23513 2 
23514 3 
23517 1 
23522 2 
23523 3 
23620 1 
23621 2 
23622 3 
23629 3 
23632 1 
23636 2 
23638 3 
23641 1 
23645 2 
23648 3 
23651 1 
23654 2 
23657 3 
23902 2 
23905 1 
23908 3 
24000 1 
24003 2 
24006 3 
24130 1 
24134 2 
24138 3 
24337 3 
24338 3 
24340 3 
24439 2 
24447 1 
24450 3 
24458 3 
24459 2 
24460 1 
24463 1 
24466 1 
24469 2 
24472 3 
24479 1 
24480 2 
24481 3 
24494 1 
24497 2 
24500 3 
24580 1 
24587 2 
24596 3 
24603 1 
24604 2 
24605 3 
24610 2 
24611 3 
24614 1 
24712 1 
24713 2 
24714 3 
24715 2 
24716 1 
24717 3 
24724 3 
24725 2 
24726 1 
24733 3 
24734 2 
24735 1 
24736 3 
24737 3 
24744 3 
24745 2 
24746 1 
24844 1 
24845 2 
24846 3 
24847 3 
24854 3 
24855 2 
24856 1 
24857 2 
24861 1 
24867 2 
24868 3 
24871 2 
24872 2 
24875 1 
24878 2 
24881 3 
24882 3 
24883 3 
24884 3 
24885 3 
24886 2 
24980 2 
24983 1 
24987 3 
24992 2 
25000 1 
25001 2 
25002 3 
25004 3 
25104 1 
25105 2 
25106 3 
25109 3 
25127 1 
25128 2 
25129 3 
25136 1 
25137 2 
25138 3 
25201 2 
25211 1 
25212 2 
25213 3 
25808 1 
25809 3 
25812 2 
25819 2 
25820 1 
25821 3 
25822 2 
25831 3 
25832 2 
25833 1 
25834 3 
25928 1 
25929 2 
25934 3 
25940 2 
25941 1 
25944 3 
25945 3 
25948 1 
25952 2 
25954 3 
25957 3 
25960 2 
25963 1 
25966 3 
25971 1 
25972 2 
26071 1 
26078 2 
26081 3 
26088 1 
26089 2 
26090 3 
26091 2 
26094 1 
26097 3 
26192 1 
26198 3 
26203 2 
26204 2 
26207 2 
26213 1 
26214 3 
26216 2 
26261 1 
26262 2 
26263 3 
26264 1 
26267 1 
26367 1 
26369 2 
26370 3 
26371 2 
26374 1 
26377 2 
26380 3 
26383 1 
26386 2 
26389 3 
26390 1 
26393 1 
26487 2 
26491 1 
26494 3 
26500 1 
26501 3 
26503 2 
26527 1 
26528 2 
26531 3 
26687 2 
26691 1 
26694 3 
34523 1 
34527 3 
34533 2 
34538 1 
34541 2 
34545 3 
34548 1 
34551 2 
34556 3 
34728 2 
34740 3 
34741 1 
34744 2 
34747 1 
34750 2 
34753 3 
34756 1 
34759 1 
34762 2 
34765 3 
34919 2 
34933 1 
34937 3 
34938 1 
34941 2 
34944 3 
34947 2 
34950 3 
34953 1 
34955 3 
34958 3 
35172 3 
35176 2 
35180 1 
35181 1 
35184 1 
35187 2 
35190 3 
35191 3 
35194 1 
35197 2 
35200 3 
35370 1 
35371 2 
35372 3 
35373 3 
35374 2 
35383 3 
35385 2 
35387 1 
35388 1 
35390 2 
35394 2 
35397 1 
35400 3 
35403 2 
35410 1 
35411 1 
35412 3 
35413 2 
35416 3 
35428 1 
35430 1 
35432 2 
35434 3 
35435 1 
35436 2 
35437 3 
35606 1 
35607 2 
35608 3 
35612 1 
35615 2 
35618 3 
35621 1 
35624 2 
35627 3 
35793 1 
35794 2 
35795 3 
35803 1 
35804 2 
35805 3 
35811 3 
35812 2 
35814 1 
35980 3 
35981 2 
35982 1 
35983 2 
35984 2 
35985 2 
35986 2 
35989 1 
35992 2 
35995 3 
35998 3 
35999 3 
36002 1 
36005 2 
36008 3 
36011 1 
36196 1 
36201 2 
36207 3 
36210 1 
36213 2 
36216 3 
36219 1 
36222 2 
36225 3 
36386 2 
36392 3 
36393 1 
36394 1 
36397 1 
36400 2 
36403 3 
36406 1 
36409 3 
36412 2 
36575 3 
36579 2 
36582 1 
36586 1 
36590 3 
36593 2 
36801 1 
36802 2 
36803 3 
36804 1 
36805 2 
36806 3 
36813 1 
36814 2 
36815 3 
36895 1 
36896 3 
36897 2 
36904 1 
36905 2 
36906 3 
36914 1 
36915 2 
36916 3 
36931 3 
36932 2 
36934 1 
36941 1 
36942 2 
36943 3 
36955 1 
36958 3 
36961 2 
37021 2 
37045 3 
37048 1 
37051 1 
37058 1 
37060 2 
37061 3 
37116 2 
37119 1 
37144 3 
37147 1 
37148 2 
37149 3 
37150 2 
37151 2 
37154 1 
37157 2 
37160 3 
37322 1 
37325 2 
37329 3 
37341 3 
37346 3 
37353 1 
37354 2 
37355 3 
37358 1 
37363 1 
37365 1 
37445 1 
37446 2 
37447 3 
37448 3 
37451 1 
37455 2 
37457 3 
37466 2 
37467 3 
37468 1 
37469 1 
37470 1 
37545 1 
37546 2 
37547 3 
37550 1 
37553 2 
37556 3 
37559 1 
37562 2 
37565 3 
37645 1 
37646 2 
37647 3 
37648 1 
37655 2 
37656 3 
37657 1 
37658 1 
37659 1 
37661 1 
37663 1 
37664 1 
37666 1 
37667 1 
37834 2 
37835 3 
37836 1 
37839 2 
37842 1 
37845 2 
37849 3 
37855 1 
37856 2 
37857 3 
37934 2 
37935 3 
37939 1 
37942 1 
37945 1 
37946 1 
37949 2 
37952 3 
37959 1 
37960 2 
37961 3 
38035 3 
38039 2 
38044 1 
38050 2 
38053 1 
38055 3 
38058 1 
38061 2 
38065 3 
38140 2 
38143 1 
38146 3 
38150 2 
38152 1 
38155 3 
38156 3 
38161 3 
38168 3 
38169 1 
38170 2 
38334 1 
38335 2 
38338 3 
38343 1 
38344 3 
38347 2 
38355 2 
38356 3 
38357 1 
38431 2 
38435 3 
38439 1 
38445 1 
38446 2 
38450 3 
38458 1 
38459 2 
38460 3 
38539 1 
38540 2 
38541 3 
38542 2 
38545 2 
38546 2 
38551 1 
38552 2 
38553 3 
38561 1 
38562 2 
38563 3 
38570 3 
38571 2 
38572 1 
38577 1 
38581 2 
38584 3 
38588 2 
38592 3 
38595 1 
38598 3 
38601 3 
38684 3 
38685 2 
38686 1 
38693 1 
38694 2 
38697 3 
38701 1 
38705 2 
38708 3 
38715 1 
38716 2 
38717 3 
38860 2 
38878 3 
38886 1 
38893 1 
38894 2 
38895 3 
38898 1 
38901 2 
38904 3 
38982 3 
38985 1 
38989 2 
38990 1 
39063 3 
39067 2 
39070 1 
39073 1 
39076 2 
39079 3 
39082 1 
39085 2 
39088 3 
39164 1 
39165 2 
39166 3 
39173 1 
39177 2 
39180 3 
39183 1 
39188 2 
39191 3 
39200 3 
39201 2 
39202 1 
39203 1 
39279 2 
39284 3 
39286 1 
39289 2 
39292 3 
39295 1 
39298 1 
39301 2 
39304 3 
39467 1 
39468 3 
39472 2 
39475 3 
39476 2 
39479 1 
39482 2 
39485 3 
39488 1 
39491 2 
39494 3 
39497 2 
39500 3 
39569 3 
39578 1 
39581 2 
39584 1 
39587 2 
39590 3 
39597 2 
39600 3 
39603 1 
39606 1 
39680 1 
39684 3 
39687 2 
39692 3 
39693 1 
39697 2 
39698 3 
39701 1 
39704 3 
39707 2 
39710 2 
39762 1 
39788 2 
39791 3 
39792 3 
39793 1 
39794 3 
39797 1 
39800 2 
39803 3 
39853 1 
39854 2 
39855 3 
40016 1 
40026 2 
40027 3 
40028 3 
40035 1 
40036 2 
40037 3 
40044 1 
40045 2 
40046 3 
40125 1 
40126 2 
40127 3 
40128 2 
40135 1 
40136 2 
40137 3 
40144 1 
40145 2 
40146 3 
40246 1 
40247 2 
40248 3 
40251 1 
40254 2 
40257 3 
40260 1 
40263 2 
40266 3 
40267 3 
40341 1 
40345 3 
40348 2 
40355 1 
40356 2 
40357 3 
40364 1 
40365 2 
40366 3 
40529 1 
40534 2 
40535 3 
40542 1 
40543 2 
40544 3 
40547 1 
40551 2 
40553 3 
40558 1 
40559 2 
40560 3 
40563 1 
40564 2 
40638 1 
40642 2 
40646 3 
40647 3 
40650 3 
40658 1 
40659 2 
40660 3 
40667 1 
40668 2 
40669 3 
40746 1 
40747 2 
40750 3 
40751 3 
40752 2 
40753 2 
40754 3 
40755 2 
40756 1 
40762 1 
40764 2 
40765 3 
40766 3 
40774 1 
40775 2 
40776 3 
40783 1 
40784 2 
40785 3 
40786 1 
40787 2 
40788 3 
40798 3 
40799 2 
40800 1 
40801 1 
40884 2 
40886 1 
40894 3 
40901 1 
40902 2 
40903 3 
40910 3 
40911 2 
40912 1 
40913 3 
41075 1 
41076 2 
41084 3 
41085 3 
41090 1 
41091 2 
41094 3 
41099 1 
41100 2 
41103 3 
41180 1 
41181 2 
41184 3 
41187 1 
41190 2 
41193 3 
41197 1 
41200 2 
41203 3 
41283 1 
41286 3 
41287 2 
41292 1 
41296 3 
41297 2 
41304 1 
41305 2 
41306 3 
41379 2 
41380 3 
41381 1 
41388 1 
41389 2 
41390 3 
41397 1 
41398 2 
41399 3 
41400 2 
41560 2 
41561 3 
41562 1 
41565 1 
41568 2 
41571 3 
41578 1 
41579 2 
41580 3 
41657 2 
41658 3 
41661 1 
41667 1 
41668 2 
41670 3 
41677 1 
41678 2 
41679 3 
41680 2 
41687 1 
41688 2 
41689 3 
41766 1 
41767 2 
41770 3 
41775 1 
41776 2 
41779 3 
41786 1 
41787 2 
41788 3 
41867 1 
41868 2 
41869 3 
41870 1 
41871 1 
41878 1 
41879 2 
41880 3 
41888 1 
41889 2 
41890 3 
41891 1 
42052 1 
42053 2 
42054 3 
42055 1 
42058 1 
42061 2 
42064 3 
42067 1 
42070 2 
42073 3 
42080 2 
42085 3 
42086 1 
42161 1 
42164 2 
42167 3 
42172 2 
42173 1 
42176 3 
42177 3 
42182 1 
42186 2 
42189 3 
42259 1 
42260 2 
42261 3 
42264 1 
42267 2 
42270 3 
42345 1 
42348 3 
42351 2 
42352 2 
42355 2 
42358 1 
42361 3 
42362 3 
42369 1 
42370 2 
42371 3 
42433 1 
42449 3 
42453 2 
42456 1 
42459 2 
42463 3 
42466 1 
42469 2 
42472 3 
42475 1 
42478 2 
42481 3 
42647 1 
42648 2 
42649 3 
42656 1 
42657 2 
42658 3 
42661 1 
42664 2 
42667 3 
42674 1 
42675 2 
42676 3 
42677 1 
42756 1 
42757 2 
42758 3 
42759 3 
42762 2 
42765 1 
42840 1 
42841 2 
42844 3 
42851 1 
42852 2 
42853 3 
42857 3 
42927 1 
42928 2 
42929 3 
42936 1 
42937 2 
42938 3 
43017 1 
43018 2 
43019 3 
43027 1 
43028 2 
43029 3 
43030 2 
43037 1 
43038 2 
43039 3 
43116 2 
43117 3 
43120 1 
43127 1 
43128 2 
43129 3 
43136 1 
43137 2 
43138 3 
43301 2 
43304 3 
43307 1 
43310 1 
43313 2 
43316 3 
43321 1 
43322 3 
43325 2 
43406 2 
43415 3 
43421 1 
43428 2 
43429 3 
43430 1 
43437 1 
43438 2 
43439 3 
43519 1 
43520 2 
43521 3 
43527 1 
43529 2 
43530 3 
43537 1 
43538 2 
43539 3 
43618 1 
43619 2 
43620 3 
43628 3 
43631 2 
43632 1 
43639 1 
43640 3 
43641 2 
43642 1 
43643 2 
43644 3 
43645 2 
43646 1 
43647 3 
43808 1 
43809 2 
43815 3 
43816 3 
43819 1 
43820 3 
43821 3 
43824 1 
43826 1 
43827 3 
43828 1 
43915 1 
43916 2 
43919 3 
44064 1 
44065 2 
44066 3 
44073 1 
44074 3 
44075 2 
44148 1 
44149 2 
44150 3 
44157 1 
44158 2 
44159 3 
44160 2 
44163 1 
44166 2 
44169 3 
44174 1 
44178 2 
44179 3 
44180 3 
44181 1 
44256 1 
44259 2 
44262 3 
44265 1 
44268 2 
44271 3 
44274 1 
44277 2 
44280 3 
44281 3 
44438 3 
44446 2 
44449 1 
44450 1 
44457 1 
44458 2 
44459 3 
44466 1 
44467 2 
44468 3 
44545 1 
44546 2 
44549 3 
44552 1 
44555 2 
44558 3 
44559 1 
44560 3 
44563 1 
44566 2 
44569 3 
44648 1 
44649 2 
44650 3 
44657 1 
44658 2 
44659 3 
44660 3 
44667 1 
44668 2 
44669 3 
44670 3 
44747 1 
44748 2 
44751 3 
44753 3 
44755 3 
44756 1 
44767 1 
44768 2 
44769 3 
44770 1 
44771 2 
44772 3 
44773 1 
44776 2 
44784 1 
44787 3 
44955 1 
44956 2 
44957 3 
44958 3 
44961 1 
44964 2 
44967 3 
44970 1 
44973 2 
44976 3 
45054 1 
45056 2 
45057 3 
45060 1 
45066 2 
45067 3 
45070 1 
45073 2 
45076 3 
45138 1 
45139 2 
45144 3 
45169 3 
45172 1 
45175 1 
45178 1 
45181 1 
45187 2 
45188 3 
45191 1 
45194 3 
45197 1 
45200 2 
45203 3 
45280 1 
45281 2 
45284 3 
45287 1 
45290 1 
45293 2 
45296 3 
45299 1 
45302 2 
45306 3 
45471 3 
45472 1 
45475 2 
45482 1 
45483 2 
45484 3 
45485 1 
45486 1 
45488 2 
45491 3 
45494 1 
45498 2 
45500 1 
45501 2 
45503 1 
45581 1 
45582 3 
45583 2 
45584 2 
45585 2 
45586 3 
45593 1 
45594 2 
45595 3 
45602 1 
45603 2 
45604 3 
45605 3 
45687 1 
45688 2 
45689 3 
45690 3 
45697 1 
45698 2 
45699 3 
45700 2 
45703 2 
45710 1 
45711 2 
45712 3 
45791 1 
45792 2 
45793 3 
45798 1 
45799 2 
45802 3 
45810 1 
45811 2 
45812 3 
45977 1 
45978 3 
45981 2 
45995 3 
46002 1 
46003 2 
46004 3 
46009 3 
46016 1 
46017 2 
46024 3 
46028 3 
46109 1 
46110 2 
46113 3 
46116 1 
46119 1 
46126 1 
46127 2 
46128 3 
46129 2 
46132 3 
46139 1 
46140 2 
46141 3 
46142 3 
46221 1 
46222 2 
46223 3 
46231 3 
46234 2 
46239 3 
46242 1 
46245 2 
46248 3 
46252 1 
46255 2 
46258 3 
46337 1 
46338 2 
46339 3 
46342 1 
46345 2 
46348 3 
46351 1 
46354 3 
46357 2 
46522 2 
46527 1 
46528 3 
46529 3 
46532 3 
46533 1 
46536 1 
46539 2 
46543 3 
46546 1 
46549 2 
46552 3 
46627 1 
46630 3 
46633 2 
46640 1 
46641 2 
46642 3 
46648 3 
46655 1 
46656 2 
46657 3 
46731 1 
46736 3 
46737 2 
46743 1 
46745 3 
46748 2 
46755 1 
46756 2 
46757 3 
46836 1 
46837 2 
46838 3 
46839 2 
46846 1 
46847 2 
46848 3 
46855 1 
46856 2 
46857 3 
47020 1 
47021 3 
47023 2 
47024 2 
47032 2 
47033 1 
47036 3 
47112 1 
47113 2 
47114 3 
47121 1 
47122 2 
47123 3 
47202 1 
47203 2 
47204 3 
47207 2 
47214 1 
47215 2 
47216 3 
47219 2 
47226 1 
47227 2 
47228 3 
47305 1 
47306 2 
47309 3 
47312 3 
47319 1 
47320 3 
47321 2 
47325 3 
47332 1 
47333 2 
47334 3 
47413 2 
47414 3 
47415 1 
47422 1 
47423 2 
47424 3 
47432 1 
47433 2 
47434 3 
47609 1 
47610 2 
47611 3 
47618 1 
47619 2 
47620 3 
47627 1 
47628 2 
47629 3 
47683 1 
47684 3 
47710 2 
47711 1 
47716 1 
47720 2 
47721 3 
47725 2 
47733 1 
47734 2 
47735 3 
47814 2 
47817 3 
47830 1 
47833 1 
47836 2 
47839 3 
47842 1 
47845 2 
47848 3 
47925 2 
47926 1 
47929 3 
47932 1 
47935 2 
47938 3 
47939 1 
47943 1 
47945 2 
47949 3 
48102 1 
48105 2 
48118 3 
48121 1 
48124 2 
48125 3 
48128 1 
48131 2 
48134 3 
48221 1 
48224 2 
48227 3 
48234 1 
48235 2 
48236 3 
48315 1 
48316 2 
48317 3 
48320 1 
48324 2 
48328 3 
48331 1 
48336 3 
48339 2 
48415 1 
48418 2 
48421 3 
48424 1 
48427 2 
48604 1 
48607 3 
48610 2 
48613 1 
48616 2 
48619 3 
48622 1 
48625 2 
48628 3 
48704 1 
48706 3 
48709 2 
48714 1 
48716 2 
48719 3 
48720 2 
48721 2 
48722 3 
48723 3 
48724 2 
48731 1 
48732 2 
48733 3 
48734 1 
48813 1 
48814 2 
48815 3 
48818 1 
48821 2 
48825 3 
48828 1 
48831 2 
48834 3 
48914 1 
48916 3 
48919 2 
48922 1 
48926 2 
48929 3 
48932 1 
48935 2 
48938 3 
48939 1 
49102 1 
49103 2 
49107 3 
49110 1 
49115 2 
49116 3 
49123 2 
49124 3 
49125 1 
49126 3 
49203 1 
49204 3 
49207 2 
49208 1 
49209 2 
49216 1 
49217 2 
49218 3 
49225 1 
49226 2 
49227 3 
49306 1 
49307 2 
49308 3 
49311 1 
49314 3 
49317 2 
49320 1 
49324 2 
49326 3 
49401 1 
49405 3 
49409 2 
49412 1 
49415 2 
49418 3 
49421 1 
49424 2 
49427 3 
49428 2 
49595 2 
49600 1 
49603 3 
49606 2 
49609 1 
49612 2 
49615 3 
49618 1 
49621 3 
49626 2 
49629 1 
49632 2 
49635 3 
49710 2 
49713 1 
49716 3 
49722 1 
49723 3 
49724 2 
49728 2 
49729 3 
49732 1 
49739 1 
49740 2 
49741 3 
49742 3 
49868 1 
49869 3 
49871 2 
49876 1 
49877 2 
49880 3 
49883 1 
49886 2 
49889 3 
49892 3 
49895 1 
49898 2 
49977 2 
49978 3 
49981 1 
49985 2 
49988 1 
49991 2 
49994 3 
49997 1 
50000 2 
50003 3 
50076 1 
50077 2 
50078 3 
50081 1 
50084 2 
50087 3 
50090 1 
50093 2 
50096 3 
50103 3 
50106 3 
50109 1 
50112 2 
50115 3 
50118 3 
50121 2 
50285 2 
50288 3 
50291 1 
50294 3 
50297 1 
50301 2 
50304 3 
50307 1 
50310 2 
50313 3 
50388 1 
50391 2 
50394 3 
50397 1 
50400 2 
50403 3 
50408 1 
50409 2 
50412 3 
50416 3 
50417 3 
50418 2 
50423 1 
50424 3 
50430 2 
50433 2 
50436 2 
50515 1 
50517 3 
50520 2 
50523 1 
50526 3 
50529 2 
50534 3 
50535 1 
50538 2 
50546 3 
50547 2 
50548 1 
50549 3 
50718 1 
50719 2 
50720 3 
50723 2 
50733 1 
50734 2 
50735 3 
50742 1 
50743 2 
50744 3 
50752 2 
50831 1 
50832 2 
50833 3 
50836 1 
50842 3 
50845 2 
50848 1 
50849 2 
50851 3 
50854 1 
50857 2 
50860 3 
50861 1 
50862 2 
50863 3 
50865 2 
50942 1 
50946 2 
50948 3 
50949 3 
50952 3 
50958 1 
50960 2 
50964 3 
50966 1 
50970 2 
51048 1 
51051 3 
51052 2 
51055 3 
51058 1 
51061 2 
51064 1 
51067 2 
51070 3 
51237 1 
51238 2 
51239 3 
51240 2 
51243 1 
51246 2 
51249 3 
51250 1 
51251 2 
51252 3 
51255 1 
51258 2 
51261 3 
51262 3 
51263 1 
51264 2 
51265 3 
51343 2 
51344 1 
51347 3 
51350 1 
51353 2 
51356 3 
51357 3 
51358 3 
51364 2 
51365 3 
51366 1 
51441 2 
51445 1 
51448 3 
51451 2 
51454 1 
51457 2 
51460 3 
51463 1 
51466 2 
51469 3 
51574 1 
51575 2 
51576 3 
51579 1 
51582 2 
51585 3 
51588 3 
51591 1 
51594 2 
51597 3 
51600 2 
51603 1 
51606 3 
51864 1 
51870 3 
51873 2 
51878 1 
51879 2 
51882 3 
51889 1 
51890 2 
51891 3 
51894 1 
51897 2 
51900 3 
51902 3 
51903 3 
51980 2 
51984 1 
51987 3 
51990 1 
51996 3 
51998 2 
51999 3 
52002 2 
52005 1 
52008 3 
52011 2 
52086 2 
52089 1 
52092 3 
52095 3 
52098 1 
52099 2 
52105 1 
52106 2 
52109 3 
52187 1 
52188 3 
52190 2 
52192 2 
52195 1 
52200 3 
52203 2 
52206 1 
52209 2 
52212 3 
52373 3 
52374 1 
52382 2 
52383 3 
52386 1 
52389 2 
52392 3 
52393 3 
52396 1 
52399 2 
52402 3 
52477 1 
52481 3 
52483 2 
52484 3 
52487 2 
52488 2 
52491 2 
52495 2 
52501 2 
52504 2 
52507 1 
52510 3 
52513 3 
52516 1 
52519 2 
52522 3 
52524 3 
52527 1 
52530 2 
52533 3 
52536 3 
52539 1 
52543 3 
52546 2 
52625 1 
52626 2 
52627 3 
52634 1 
52635 2 
52636 3 
52711 3 
52716 1 
52717 2 
52720 1 
52723 2 
52726 3 
52729 1 
52732 2 
52735 3 
52900 1 
52905 3 
52911 2 
52914 1 
52917 2 
52920 3 
52923 1 
52927 2 
52930 3 
53006 1 
53009 2 
53012 3 
53015 3 
53018 1 
53021 2 
53025 3 
53028 1 
53031 2 
53034 3 
53037 1 
53041 2 
53044 3 
53047 1 
53050 2 
53053 3 
53130 1 
53131 2 
53134 3 
53137 1 
53140 2 
53143 3 
53146 2 
53149 1 
53152 3 
53238 1 
53247 2 
53250 3 
53251 3 
53254 1 
53257 2 
53260 3 
53263 1 
53266 3 
53270 2 
53432 1 
53435 3 
53438 2 
53441 1 
53444 2 
53447 3 
53448 3 
53451 1 
53454 2 
53457 3 
53538 1 
53539 2 
53542 3 
53545 1 
53548 2 
53551 3 
53554 1 
53557 3 
53561 2 
53562 2 
53563 2 
53566 3 
53642 1 
53645 2 
53648 3 
53655 1 
53656 2 
53657 3 
53660 1 
53663 2 
53666 3 
53741 1 
53744 2 
53747 3 
53750 1 
53753 2 
53756 3 
53759 1 
53762 2 
53765 3 
53927 1 
53931 2 
53934 3 
53937 1 
53940 2 
53943 3 
53946 1 
53949 2 
53952 3 
54027 1 
54030 2 
54033 3 
54040 1 
54041 2 
54042 3 
54043 3 
54044 3 
54047 1 
54050 2 
54053 3 
54054 3 
54134 1 
54135 2 
54136 3 
54139 3 
54140 3 
54143 1 
54146 2 
54149 3 
54152 1 
54156 2 
54158 3 
54162 1 
54166 2 
54169 3 
54170 3 
54249 1 
54250 2 
54251 3 
54252 3 
54253 1 
54260 3 
54261 1 
54262 2 
54266 1 
54269 2 
54272 3 
54435 2 
54438 3 
54442 1 
54445 1 
54448 2 
54451 3 
54863 1 
54866 2 
54870 3 
54873 1 
54876 2 
54880 3 
54883 1 
54886 2 
54889 3 
54964 1 
54967 3 
54970 2 
54973 1 
54976 2 
54979 3 
54982 1 
54985 2 
54988 3 
55154 2 
55155 3 
55156 1 
55159 1 
55162 2 
55165 3 
55168 1 
55171 2 
55174 3 
55250 1 
55252 2 
55255 3 
55258 1 
55261 2 
55264 3 
55267 1 
55270 2 
55273 3 
55380 1 
55384 2 
55387 3 
55390 1 
55393 2 
55396 3 
55399 1 
55402 2 
55405 3 
55513 1 
55516 3 
55519 2 
55522 1 
55525 2 
55528 3 
55531 1 
55534 1 
55537 1 
55540 2 
55543 3 
55546 1 
55741 1 
55744 2 
55747 3 
55750 1 
55753 2 
55756 3 
55765 1 
55768 2 
55771 3 
55772 3 
55883 1 
55884 2 
55885 3 
55888 1 
55891 2 
55894 3 
55897 1 
55900 2 
55903 3 
55906 1 
55912 2 
55914 3 
55919 1 
55920 2 
55923 3 
55926 1 
56034 1 
56037 2 
56040 3 
56043 1 
56046 3 
56049 2 
56052 1 
56055 1 
56058 2 
56061 3 
56169 1 
56172 2 
56175 3 
56176 2 
56177 2 
56180 1 
56183 2 
56186 3 
56189 1 
56192 2 
56195 3 
56391 1 
56394 2 
56397 3 
56400 1 
56403 2 
56406 3 
56409 1 
56412 2 
56415 3 
56419 2 
56422 1 
56425 3 
56537 1 
56538 2 
56539 3 
56540 2 
56543 1 
56546 2 
56549 3 
56552 3 
56556 2 
56560 2 
56563 1 
56566 2 
56569 3 
56681 1 
56682 2 
56683 3 
56686 3 
56689 3 
56690 2 
56693 2 
56696 3 
56699 2 
56702 1 
56706 1 
56709 2 
56712 3 
56820 1 
56823 2 
56826 3 
56829 1 
56832 2 
56835 3 
56838 1 
56841 2 
56845 3 
57044 1 
57045 2 
57046 3 
57049 1 
57052 2 
57055 3 
57058 2 
57061 2 
57065 3 
57068 1 
57069 1 
57072 1 
57180 2 
57183 3 
57186 1 
57187 1 
57190 1 
57193 2 
57196 3 
57199 1 
57202 2 
57205 3 
57303 1 
57304 2 
57307 3 
57310 1 
57313 2 
57316 3 
57506 1 
57508 3 
57509 2 
57575 1 
57578 2 
57581 3 
57605 1 
57653 1 
57656 2 
57659 3 
57866 1 
57869 3 
57873 2 
57880 1 
57881 1 
57883 2 
57885 2 
57888 3 
57895 1 
57898 2 
57902 3 
58012 1 
58015 2 
58020 3 
58043 1 
58046 2 
58049 3 
58112 1 
58115 2 
58118 3 
58250 1 
58252 2 
58253 3 
58261 1 
58264 2 
58267 3 
58461 1 
58464 2 
58467 3 
58495 1 
58498 2 
58501 3 
58760 1 
58761 2 
58762 3 
58765 3 
58768 1 
58771 2 
58774 3 
58777 1 
58781 2 
58784 3 
58905 1 
58906 2 
58907 3 
58910 1 
58914 2 
59152 3 
59156 2 
59164 1 
59168 1 
59169 1 
59277 3 
59280 2 
59283 1 
59286 3 
59289 1 
59293 2 
59296 2 
59299 3 
59302 2 
59305 1 
59308 3 
59313 2 
59316 3 
59320 1 
59326 2 
59516 2 
59520 3 
59531 1 
59532 3 
59535 2 
59538 3 
59541 1 
59544 3 
59547 2 
59550 1 
59552 2 
59660 2 
59663 3 
59666 1 
59669 2 
59672 3 
59677 1 
59680 2 
59689 3 
59694 1 
59803 2 
59806 3 
59809 1 
59812 1 
59815 1 
59818 2 
59821 3 
59824 1 
59827 2 
59830 3 
59831 1 
59942 2 
59944 3 
59950 1 
59953 2 
59956 3 
59959 1 
60005 3 
60009 2 
60011 1 
60203 3 
60210 2 
60215 1 
60218 3 
60221 2 
60224 1 
60227 3 
60230 2 
60233 1 
60341 3 
60344 2 
60347 1 
60348 3 
60350 1 
60351 2 
60357 1 
60360 2 
60363 3 
60364 1 
60368 3 
60371 2 
60375 1 
60483 3 
60486 2 
60489 1 
60490 1 
60491 2 
60492 3 
60495 3 
60498 2 
60501 1 
60502 2 
60503 1 
60505 3 
60508 3 
60511 2 
60514 1 
60516 1 
60598 3 
60599 2 
60635 1 
60644 2 
60646 1 
60649 3 
60653 2 
60656 3 
60658 1 
60850 3 
60855 2 
60859 1 
60863 1 
60864 3 
60867 2 
60868 1 
60872 2 
60875 3 
60877 1 
60881 2 
60884 3 
60886 1 
61005 2 
61007 3 
61013 1 
61016 2 
61019 3 
61022 1 
61026 2 
61029 3 
61031 1 
61042 3 
61150 2 
61153 3 
61156 1 
61162 2 
61167 1 
61168 3 
61171 3 
61174 2 
61177 1 
61180 3 
61288 3 
61291 2 
61294 1 
61326 3 
61330 2 
61333 3 
61335 1 
61353 2 
61357 3 
61360 1 
61532 2 
61535 3 
61572 1 
61575 1 
61578 2 
61581 3 
61584 2 
61587 3 
61591 1 
61610 1 
61617 3 
61744 2 
61747 3 
61755 1 
61758 3 
61759 2 
61763 1 
61773 3 
61776 1 
61779 2 
61782 3 
61892 2 
61893 3 
61896 1 
61897 2 
61898 3 
61901 2 
61904 3 
61907 1 
61908 3 
61911 2 
61914 2 
61917 3 
61920 1 
62029 2 
62034 1 
62037 3 
62040 3 
62043 2 
62046 1 
62049 3 
62052 2 
62055 1 
62270 1 
62275 3 
62276 2 
62279 3 
62282 2 
62285 1 
62292 2 
62296 1 
62297 3 
62405 3 
62408 2 
62411 1 
62413 2 
62420 2 
62422 3 
62425 1 
62426 3 
62429 2 
62432 3 
62435 1 
62543 2 
62546 3 
62549 1 
62556 1 
62559 2 
62562 3 
62563 1 
62564 2 
62565 3 
62566 1 
62567 2 
62568 3 
62572 3 
62573 1 
62574 2 
62692 2 
62693 3 
62695 1 
62696 1 
62697 2 
62698 3 
62701 3 
62704 2 
62707 1 
62710 3 
62713 2 
62716 1 
62717 3 
62907 3 
62916 2 
62919 1 
62922 3 
62925 2 
62928 1 
62931 3 
62934 2 
62937 1 
62941 1 
63049 3 
63052 2 
63056 1 
63057 1 
63060 3 
63063 2 
63066 1 
63067 1 
63068 1 
63071 3 
63074 2 
63077 1 
63185 3 
63188 2 
63191 1 
63194 3 
63197 2 
63200 1 
63201 1 
63204 3 
63207 2 
63210 1 
63319 3 
63324 2 
63327 1 
63330 3 
63333 2 
63336 1 
63339 3 
63342 2 
63346 1 
63347 3 
63541 3 
63545 2 
63550 1 
63552 2 
63553 3 
63554 1 
63557 3 
63560 2 
63563 1 
63566 3 
63569 2 
63572 1 
63680 3 
63683 2 
63686 1 
63687 2 
63690 3 
63693 2 
63696 1 
63699 3 
63702 2 
63705 1 
63814 3 
63816 2 
63819 1 
63825 1 
63938 2 
63939 3 
63941 1 
63943 2 
63946 3 
63948 1 
64146 2 
64149 3 
64160 1 
64163 2 
64166 3 
64168 1 
64169 1 
64172 3 
64175 2 
64179 1 
64325 2 
64326 3 
64327 1 
64328 2 
64329 1 
64332 1 
64335 2 
64338 3 
64339 1 
64342 1 
64346 2 
64349 3 
64354 2 
64355 1 
64356 1 
64467 2 
64468 3 
64470 1 
64472 1 
64473 1 
64474 1 
64475 1 
64481 1 
64485 2 
64488 3 
64492 1 
64495 2 
64499 3 
64607 2 
64608 3 
64611 1 
64614 3 
64617 2 
64620 1 
64621 2 
64624 3 
64627 2 
64630 1 
64809 2 
64811 1 
64814 3 
64850 3 
64851 3 
64854 3 
64857 3 
64860 2 
64863 1 
64866 3 
64869 2 
64872 1 
64981 3 
64984 2 
64987 1 
64988 3 
64989 3 
65018 3 
65021 2 
65024 3 
65026 1 
65029 3 
65032 2 
65035 3 
65038 1 
65039 2 
65147 3 
65150 2 
65153 1 
65155 3 
65157 3 
65160 3 
65163 2 
65166 1 
65167 1 
65168 1 
65171 2 
65174 3 
65177 3 
65180 2 
65183 1 
65184 1 
65185 1 
65186 1 
65300 2 
65305 1 
65308 3 
65312 3 
65315 2 
65318 1 
65321 3 
65324 2 
65327 3 
65330 2 
65333 1 
65540 3 
65543 2 
65545 1 
65548 3 
65551 2 
65554 1 
65555 2 
65558 2 
65561 3 
65564 2 
65567 1 
65694 1 
65697 2 
65700 3 
65703 3 
65708 2 
65712 1 
65715 3 
65718 2 
65721 1 
65829 3 
65832 2 
65835 1 
65840 2 
65841 1 
65844 3 
65847 1 
65850 2 
65853 3 
65972 3 
65973 2 
65976 1 
65999 1 
66000 1 
66003 2 
66006 3 
66009 3 
66012 2 
66015 1 
66203 2 
66214 1 
66217 3 
66218 1 
66219 1 
66222 3 
66225 2 
66228 1 
66231 2 
66234 1 
66242 3 
66243 3 
66351 3 
66354 2 
66357 1 
66360 3 
66363 2 
66366 1 
66367 1 
66370 3 
66373 2 
66376 1 
66484 3 
66488 2 
66491 1 
66492 1 
66493 1 
66494 1 
66496 1 
66500 3 
66503 2 
66506 1 
66509 3 
66512 2 
66515 1 
66623 3 
66626 2 
66629 1 
66632 3 
66635 2 
66638 1 
66639 2 
66644 3 
66647 2 
66650 1 
66838 3 
66842 2 
66853 1 
66857 2 
66862 3 
66864 1 
66867 3 
66870 2 
66873 1 
66981 3 
66984 2 
66987 1 
66994 3 
67007 1 
67012 2 
67625 3 
67633 1 
67634 2 
67742 2 
67747 3 
67749 1 
67752 3 
67755 1 
67758 2 
67761 3 
67764 2 
67768 1 
67976 3 
67980 2 
67990 1 
67994 2 
67998 3 
68001 1 
68004 1 
68012 1 
68015 2 
68018 3 
68115 1 
68120 2 
68121 3 
68122 1 
68128 1 
68131 2 
68134 3 
68142 3 
68145 2 
68148 1 
68246 1 
68251 3 
68255 2 
68256 1 
68269 2 
68272 3 
68275 2 
68278 1 
68279 3 
68287 1 
68290 3 
68293 2 
68390 1 
68393 3 
68397 2 
68399 1 
68408 1 
68411 3 
68415 2 
68418 2 
68423 3 
68426 1 
68430 2 
68618 1 
68621 3 
68625 2 
68626 2 
68627 1 
68629 3 
68632 2 
68635 3 
68638 1 
68647 3 
68653 1 
68656 2 
68659 3 
68756 1 
68759 2 
68762 3 
68765 3 
68768 2 
68771 1 
68782 3 
68785 2 
68788 1 
68885 1 
68888 2 
68892 3 
68896 3 
68899 2 
68902 1 
68903 2 
68906 3 
68909 2 
68912 1 
69017 3 
69020 2 
69023 1 
69032 3 
69035 2 
69038 1 
69044 3 
69045 3 
69049 3 
69052 2 
69056 1 
69239 1 
69242 3 
69245 2 
69251 3 
69254 2 
69258 1 
69259 3 
69262 3 
69265 2 
69268 1 
69270 2 
69272 3 
69273 3 
69275 3 
69377 3 
69380 2 
69386 1 
69390 1 
69393 1 
69396 2 
69399 3 
69403 1 
69406 2 
69409 3 
69496 1 
69499 2 
69502 3 
69506 1 
69509 2 
69512 3 
69519 1 
69523 2 
69526 3 
69623 1 
69627 2 
69630 3 
69631 3 
69634 1 
69637 2 
69640 3 
69643 3 
69644 1 
69645 3 
69648 1 
69651 2 
69654 3 
69847 1 
69850 2 
69853 3 
69857 3 
69858 3 
69859 3 
69862 3 
69865 2 
69873 3 
69876 2 
69988 1 
69992 2 
69995 3 
69999 2 
70002 3 
70005 2 
70008 1 
70110 1 
70113 3 
70116 2 
70120 2 
70123 3 
70126 1 
70130 1 
70133 2 
70136 3 
70238 1 
70241 2 
70244 3 
70246 3 
70249 3 
70252 2 
70255 1 
70258 3 
70261 2 
70264 1 
70457 1 
70463 3 
70466 2 
70485 3 
70489 2 
70492 1 
70495 3 
70498 2 
70501 1 
70606 3 
70610 1 
70613 2 
70629 3 
70632 3 
70636 2 
70639 1 
70642 3 
70645 2 
70649 1 
70763 2 
70766 1 
70770 3 
70774 1 
70777 2 
70780 3 
70802 1 
70805 2 
70808 3 
70884 1 
70890 3 
70891 2 
70894 2 
70896 1 
70900 2 
70920 1 
70924 3 
70927 2 
70930 1 
70933 3 
70936 1 
70945 2 
70946 1 
71157 3 
71160 2 
71163 1 
71174 2 
71177 3 
71180 2 
71183 1 
71188 1 
71191 2 
71195 3 
71310 3 
71315 1 
71318 2 
71319 2 
71322 1 
71325 2 
71328 3 
71332 1 
71335 2 
71339 3 
71452 1 
71455 2 
71458 3 
71461 1 
71464 2 
71467 3 
71486 1 
71489 2 
71492 3 
71589 1 
71595 3 
71600 2 
71601 3 
71602 3 
71610 3 
71613 2 
71617 1 
71630 3 
71633 2 
71636 1 
71817 2 
71820 1 
71823 3 
71842 1 
71845 2 
71848 3 
71851 1 
71854 2 
71857 3 
71858 1 
71875 3 
71970 1 
71971 2 
71974 3 
71977 1 
71980 1 
71983 2 
71986 3 
71989 1 
72092 1 
72093 2 
72094 3 
72096 1 
72099 1 
72102 2 
72105 3 
72108 1 
72111 2 
72114 3 
72115 3 
72116 3 
72213 1 
72216 2 
72219 3 
72222 1 
72225 2 
72228 3 
72231 1 
72234 2 
72237 3 
72239 1 
72368 1 
72371 2 
72374 3 
72379 1 
72381 2 
72383 3 
72384 3 
72387 1 
72435 1 
72438 2 
72442 3 
72443 2 
72444 3 
72446 1 
72451 2 
72452 1 
72455 3 
